start,end,duration,num_ions,ions
0,32,33,1,1311
33,92,60,2,"1314, 1311"
93,467,375,3,"1314, 1315, 1311"
468,468,1,4,"1314, 1315, 1316, 1311"
469,482,14,3,"1314, 1316, 1311"
483,511,29,4,"1305, 1314, 1316, 1311"
512,512,1,3,"1305, 1314, 1316"
513,515,3,4,"1305, 1314, 1316, 1311"
516,538,23,3,"1305, 1314, 1316"
539,575,37,4,"1312, 1305, 1314, 1316"
576,585,10,3,"1312, 1305, 1314"
586,636,51,4,"1312, 1305, 1314, 1311"
637,664,28,3,"1312, 1305, 1311"
665,710,46,4,"1312, 1305, 2279, 1311"
711,728,18,5,"1312, 2437, 2279, 1305, 1311"
729,803,75,4,"1312, 2279, 2437, 1311"
804,811,8,5,"1312, 2437, 2279, 2313, 1311"
812,927,116,4,"1312, 2279, 2437, 1311"
928,932,5,3,"1312, 2437, 2279"
933,974,42,4,"1312, 2176, 2437, 2279"
975,975,1,3,"1312, 2176, 2279"
976,982,7,4,"1312, 2176, 2437, 2279"
983,1009,27,3,"1312, 2176, 2279"
1010,1025,16,4,"1312, 2176, 2437, 2279"
1026,1026,1,3,"1312, 2176, 2279"
1027,1028,2,4,"1312, 2176, 2437, 2279"
1029,1076,48,3,"1312, 2176, 2279"
1077,1107,31,4,"1312, 2176, 2229, 2279"
1108,1288,181,3,"1312, 2176, 2279"
1289,1292,4,4,"1312, 2176, 2437, 2279"
1293,1403,111,3,"1312, 2176, 2279"
1404,1408,5,4,"1312, 2176, 2437, 2279"
1409,1423,15,3,"1312, 2176, 2279"
1424,1434,11,4,"1312, 2176, 2437, 2279"
1435,1437,3,3,"1312, 2176, 2437"
1438,1442,5,4,"1312, 2176, 2437, 2279"
1443,1443,1,3,"1312, 2176, 2437"
1444,1455,12,4,"1312, 2176, 2437, 2279"
1456,1467,12,3,"1312, 2176, 2437"
1468,1572,105,4,"1312, 2176, 2437, 2279"
1573,1578,6,3,"1312, 2176, 2279"
1579,1633,55,4,"1312, 2176, 2437, 2279"
1634,1907,274,3,"1312, 2437, 2279"
1908,1908,1,4,"1312, 2176, 2437, 2279"
1909,1923,15,3,"1312, 2437, 2279"
1924,1947,24,4,"1312, 2176, 2437, 2279"
1948,1971,24,3,"1312, 2176, 2279"
1972,1977,6,4,"1312, 2176, 2437, 2279"
1978,2049,72,3,"1312, 2176, 2279"
2050,2069,20,4,"1312, 2176, 2437, 2279"
2070,2135,66,3,"1312, 2176, 2279"
2136,2149,14,2,"2176, 2279"
2150,2175,26,3,"1312, 2176, 2279"
2176,2177,2,4,"1312, 2176, 2437, 2279"
2178,2214,37,3,"1312, 2176, 2279"
2215,2236,22,4,"1312, 2176, 2437, 2279"
2237,2275,39,3,"2176, 2437, 2279"
2276,2286,11,4,"1312, 2176, 2437, 2279"
2287,2441,155,3,"2176, 2437, 2279"
2442,2466,25,4,"2176, 2289, 2437, 2279"
2467,2474,8,3,"2176, 2289, 2437"
2475,2475,1,4,"2176, 2289, 2437, 2279"
2476,2515,40,3,"2176, 2289, 2437"
2516,2516,1,4,"2176, 2289, 2437, 2279"
2517,2555,39,3,"2176, 2289, 2437"
2556,2571,16,4,"2176, 2289, 2437, 2279"
2572,2600,29,3,"2289, 2437, 2279"
2601,2631,31,4,"2289, 2252, 2437, 2279"
2632,2665,34,3,"2252, 2437, 2279"
2666,2669,4,2,"2437, 2279"
2670,2906,237,3,"2289, 2437, 2279"
2907,2907,1,2,"2289, 2437"
2908,3282,375,3,"2289, 2437, 2279"
3283,3292,10,2,"2289, 2279"
3293,3392,100,3,"2289, 2437, 2279"
3393,3393,1,2,"2289, 2437"
3394,3420,27,3,"2289, 2437, 2279"
3421,3422,2,2,"2437, 2279"
3423,3439,17,3,"2289, 2437, 2279"
3440,3457,18,2,"2289, 2437"
3458,3770,313,3,"2289, 2437, 2279"
3771,3797,27,2,"2289, 2437"
3798,3860,63,3,"2289, 2437, 2279"
3861,3861,1,2,"2437, 2279"
3862,3943,82,3,"2289, 2437, 2279"
3944,3951,8,4,"2289, 2315, 2437, 2279"
3952,3954,3,3,"2289, 2315, 2437"
3955,3956,2,4,"2289, 2315, 2437, 2279"
3957,4064,108,3,"2289, 2315, 2437"
4065,4095,31,4,"2289, 2315, 2437, 2279"
4096,4440,345,3,"2289, 2315, 2437"
4441,4442,2,4,"2289, 2315, 2437, 2279"
4443,4457,15,3,"2289, 2315, 2437"
4458,4459,2,4,"2289, 2315, 2437, 2279"
4460,4460,1,3,"2289, 2315, 2437"
4461,4511,51,4,"2289, 2315, 2437, 2279"
4512,4522,11,3,"2289, 2315, 2437"
4523,4523,1,4,"2289, 2315, 2437, 2279"
4524,4566,43,3,"2289, 2315, 2437"
4567,4569,3,4,"2289, 2315, 2437, 2279"
4570,4585,16,3,"2289, 2315, 2437"
4586,4586,1,4,"2289, 2315, 2437, 2279"
4587,4622,36,3,"2289, 2315, 2437"
4623,4625,3,4,"2289, 2315, 2437, 2279"
4626,4626,1,3,"2289, 2315, 2437"
4627,4667,41,4,"2289, 2315, 2437, 2279"
4668,4691,24,3,"2289, 2315, 2279"
4692,4723,32,4,"2289, 2315, 2437, 2279"
4724,4740,17,3,"2289, 2315, 2437"
4741,4741,1,4,"2289, 2315, 2437, 2279"
4742,4800,59,3,"2289, 2315, 2437"
4801,4803,3,4,"2289, 2315, 2437, 2279"
4804,4821,18,3,"2289, 2315, 2437"
4822,4846,25,4,"2289, 2315, 2437, 2279"
4847,4868,22,3,"2289, 2315, 2437"
4869,4877,9,4,"2289, 2315, 2437, 2279"
4878,4883,6,3,"2289, 2315, 2437"
4884,4887,4,4,"2289, 2315, 2437, 2279"
4888,4892,5,3,"2289, 2315, 2437"
4893,4899,7,4,"2289, 2315, 2437, 2279"
4900,4925,26,3,"2289, 2315, 2437"
4926,4955,30,4,"2289, 2315, 2437, 2279"
4956,4962,7,3,"2289, 2315, 2437"
4963,4983,21,4,"2289, 2315, 2437, 2279"
4984,4999,16,3,"2289, 2437, 2279"
5000,5000,1,4,"2289, 2315, 2437, 2279"
5001,5001,1,3,"2289, 2437, 2279"
5002,5006,5,4,"2289, 2315, 2437, 2279"
5007,5027,21,3,"2289, 2437, 2279"
5028,5034,7,4,"2289, 2315, 2437, 2279"
5035,5044,10,3,"2289, 2437, 2279"
5045,5046,2,4,"2289, 2315, 2437, 2279"
5047,5047,1,3,"2289, 2437, 2279"
5048,5071,24,4,"2289, 2315, 2437, 2279"
5072,5074,3,3,"2289, 2437, 2279"
5075,5076,2,4,"2289, 2315, 2437, 2279"
5077,5077,1,3,"2289, 2437, 2279"
5078,5079,2,4,"2289, 2315, 2437, 2279"
5080,5082,3,3,"2289, 2315, 2437"
5083,5087,5,4,"2289, 2315, 2437, 2279"
5088,5092,5,3,"2289, 2315, 2437"
5093,5128,36,4,"2289, 2315, 2437, 2279"
5129,5150,22,3,"2289, 2315, 2437"
5151,5165,15,4,"2289, 2315, 2437, 2279"
5166,5184,19,3,"2289, 2315, 2279"
5185,5187,3,4,"2289, 2315, 2437, 2279"
5188,5188,1,3,"2289, 2315, 2279"
5189,5191,3,4,"2289, 2315, 2437, 2279"
5192,5210,19,3,"2289, 2315, 2437"
5211,5262,52,4,"2289, 2315, 2437, 2279"
5263,5391,129,3,"2289, 2315, 2437"
5392,5404,13,4,"2289, 2315, 2437, 2279"
5405,5408,4,3,"2289, 2315, 2437"
5409,5452,44,4,"2289, 2315, 2437, 2279"
5453,5457,5,3,"2315, 2437, 2279"
5458,5691,234,4,"2289, 2315, 2437, 2279"
5692,5692,1,3,"2289, 2315, 2437"
5693,5819,127,4,"2289, 2315, 2437, 2279"
5820,5837,18,3,"2289, 2437, 2279"
5838,5876,39,4,"2289, 2315, 2437, 2279"
5877,5893,17,3,"2289, 2437, 2279"
5894,5906,13,4,"2289, 2315, 2437, 2279"
5907,5926,20,3,"2289, 2315, 2437"
5927,5959,33,4,"2289, 2250, 2315, 2437"
5960,5981,22,3,"2289, 2315, 2437"
5982,5983,2,4,"2289, 2250, 2315, 2437"
5984,5987,4,3,"2289, 2315, 2437"
5988,6025,38,4,"2289, 2315, 2437, 2279"
6026,6027,2,3,"2289, 2437, 2279"
6028,6082,55,4,"2289, 2315, 2437, 2279"
6083,6083,1,3,"2289, 2437, 2279"
6084,6090,7,4,"2289, 2315, 2437, 2279"
6091,6092,2,3,"2289, 2437, 2279"
6093,6097,5,4,"2289, 2250, 2437, 2279"
6098,6098,1,3,"2289, 2437, 2279"
6099,6188,90,4,"2289, 2250, 2437, 2279"
6189,6191,3,5,"2437, 2279, 2250, 2315, 2289"
6192,6224,33,4,"2289, 2250, 2437, 2279"
6225,6229,5,5,"2437, 2279, 2250, 2315, 2289"
6230,6246,17,4,"2289, 2250, 2437, 2279"
6247,6247,1,3,"2250, 2437, 2279"
6248,6263,16,4,"2289, 2250, 2437, 2279"
6264,6283,20,3,"2289, 2437, 2279"
6284,6358,75,4,"2289, 2250, 2437, 2279"
6359,6367,9,3,"2250, 2437, 2279"
6368,6368,1,4,"2289, 2250, 2437, 2279"
6369,6371,3,3,"2250, 2437, 2279"
6372,6419,48,4,"2289, 2250, 2437, 2279"
6420,6422,3,3,"2289, 2250, 2279"
6423,6428,6,4,"2289, 2250, 2437, 2279"
6429,6430,2,3,"2289, 2250, 2279"
6431,6459,29,4,"2289, 2250, 2437, 2279"
6460,6461,2,3,"2289, 2250, 2279"
6462,6479,18,4,"2289, 2250, 2437, 2279"
6480,6481,2,3,"2289, 2250, 2279"
6482,6489,8,4,"2289, 2250, 2437, 2279"
6490,6502,13,3,"2289, 2250, 2279"
6503,6523,21,4,"2289, 2250, 2437, 2279"
6524,6524,1,3,"2289, 2250, 2279"
6525,6542,18,4,"2289, 2250, 2437, 2279"
6543,6548,6,5,"2437, 2279, 2250, 2315, 2289"
6549,6562,14,4,"2289, 2250, 2437, 2279"
6563,6564,2,3,"2250, 2437, 2279"
6565,6566,2,4,"2289, 2250, 2437, 2279"
6567,6591,25,3,"2250, 2437, 2279"
6592,6595,4,4,"2289, 2250, 2437, 2279"
6596,6599,4,3,"2250, 2437, 2279"
6600,6605,6,4,"2289, 2250, 2437, 2279"
6606,6606,1,3,"2250, 2437, 2279"
6607,6611,5,4,"2289, 2250, 2437, 2279"
6612,6612,1,3,"2250, 2437, 2279"
6613,6660,48,4,"2289, 2250, 2437, 2279"
6661,6663,3,3,"2250, 2437, 2279"
6664,6726,63,4,"2289, 2250, 2437, 2279"
6727,6744,18,3,"2289, 2250, 2279"
6745,6747,3,4,"2289, 2250, 2315, 2279"
6748,6772,25,3,"2289, 2250, 2279"
6773,6798,26,4,"2289, 2250, 2315, 2279"
