start,end,duration,num_ions,ions
0,158,159,1,1311_1
159,165,7,2,"1311_1, 1314_1"
166,232,67,3,"1315_1, 1311_1, 1314_1"
233,235,3,4,"1315_1, 1316_1, 1311_1, 1314_1"
236,283,48,3,"1315_1, 1316_1, 1311_1"
284,318,35,2,"1315_1, 1311_1"
319,352,34,3,"1315_1, 1316_1, 1311_1"
353,382,30,4,"1312_1, 1315_1, 1316_1, 1311_1"
383,458,76,3,"1312_1, 1315_1, 1311_1"
459,490,32,3,"1315_1, 1311_1, 2280_1"
491,571,81,4,"2299_1, 1315_1, 1311_1, 2280_1"
572,691,120,3,"2299_1, 1311_1, 2280_1"
692,727,36,4,"2299_1, 2203_1, 1311_1, 2280_1"
728,741,14,3,"2299_1, 1311_1, 2280_1"
742,786,45,4,"2299_1, 2203_1, 1311_1, 2280_1"
787,805,19,5,"2271_1, 2299_1, 1311_1, 2280_1, 2203_1"
806,849,44,4,"2271_1, 2203_1, 1311_1, 2280_1"
850,854,5,3,"2271_1, 1311_1, 2280_1"
855,982,128,4,"2313_1, 2271_1, 1311_1, 2280_1"
983,1000,18,5,"2271_1, 2265_1, 2313_1, 1311_1, 2280_1"
1001,1091,91,4,"2313_1, 2271_1, 1311_1, 2280_1"
1092,1120,29,3,"2313_1, 2271_1, 1311_1"
1121,1201,81,3,"2313_1, 1311_1, 2188_1"
1202,1295,94,4,"2246_1, 2313_1, 1311_1, 2188_1"
1296,1302,7,3,"2313_1, 1311_1, 2188_1"
1303,1314,12,4,"2313_1, 2241_1, 1311_1, 2188_1"
1315,1331,17,5,"2188_1, 2313_1, 2241_1, 2315_1, 1311_1"
1332,1369,38,4,"2313_1, 2315_1, 1311_1, 2188_1"
1370,1416,47,5,"2188_1, 2313_1, 2315_1, 1311_1, 2253_1"
1417,1429,13,4,"2313_1, 2253_1, 1311_1, 2315_1"
1430,1440,11,3,"2313_1, 1311_1, 2315_1"
1441,1478,38,4,"2313_1, 2253_1, 1311_1, 2315_1"
1479,1479,1,3,"2313_1, 2253_1, 1311_1"
1480,1489,10,4,"2313_1, 2253_1, 1311_1, 2315_1"
1490,1533,44,3,"2313_1, 2253_1, 1311_1"
1534,1585,52,4,"2434_1, 2313_1, 2253_1, 1311_1"
1586,1588,3,3,"2434_1, 2313_1, 1311_1"
1589,1601,13,4,"2434_1, 2313_1, 2194_1, 1311_1"
1602,1638,37,5,"2434_1, 2313_1, 2194_1, 1311_1, 2197_1"
1639,1657,19,4,"2434_1, 2313_1, 1311_1, 2197_1"
1658,1661,4,5,"2434_1, 2313_1, 1311_1, 2295_1, 2197_1"
1662,1716,55,4,"2434_1, 2295_1, 2313_1, 2197_1"
1717,1749,33,3,"2434_1, 2295_1, 2197_1"
1750,1794,45,4,"2434_1, 2295_1, 1312_2, 2197_1"
1795,1811,17,5,"2434_1, 1312_2, 2201_1, 2295_1, 2197_1"
1812,1837,26,4,"2434_1, 1312_2, 2201_1, 2295_1"
1838,1842,5,5,"2434_1, 1312_2, 2296_1, 2201_1, 2295_1"
1843,1850,8,4,"2434_1, 1312_2, 2296_1, 2201_1"
1851,1866,16,3,"2434_1, 2296_1, 2201_1"
1867,1878,12,4,"2434_1, 2296_1, 2182_1, 2201_1"
1879,1885,7,3,"2434_1, 2296_1, 2201_1"
1886,1899,14,4,"2434_1, 2296_1, 2308_1, 2201_1"
1900,1909,10,3,"2296_1, 2308_1, 2201_1"
1910,1940,31,4,"2296_1, 2308_1, 2201_1, 2171_1"
1941,1956,16,3,"2296_1, 2201_1, 2171_1"
1957,1988,32,4,"2296_1, 2201_1, 2171_1, 2230_1"
1989,2028,40,4,"2296_1, 2327_1, 2201_1, 2171_1"
2029,2041,13,5,"2171_1, 2296_1, 2327_1, 2193_1, 2201_1"
2042,2065,24,4,"2296_1, 2327_1, 2201_1, 2171_1"
2066,2067,2,3,"2296_1, 2201_1, 2327_1"
2068,2079,12,4,"2296_1, 2193_1, 2201_1, 2327_1"
2080,2095,16,3,"2327_1, 2193_1, 2201_1"
2096,2113,18,4,"2327_1, 2193_1, 2201_1, 2202_1"
2114,2119,6,3,"2327_1, 2202_1, 2201_1"
2120,2145,26,4,"2327_1, 2202_1, 2201_1, 2227_1"
2146,2151,6,5,"2327_1, 2201_1, 2227_1, 2202_1, 2312_1"
2152,2171,20,4,"2312_1, 2202_1, 2327_1, 2227_1"
2172,2182,11,3,"2202_1, 2327_1, 2227_1"
2183,2197,15,4,"2312_1, 2202_1, 2327_1, 2227_1"
2198,2205,8,3,"2202_1, 2327_1, 2227_1"
2206,2241,36,4,"2202_1, 2327_1, 2227_1, 2302_1"
2242,2244,3,3,"2202_1, 2327_1, 2302_1"
2245,2279,35,4,"2266_1, 2202_1, 2327_1, 2302_1"
2280,2285,6,5,"2302_1, 2188_2, 2327_1, 2202_1, 2266_1"
2286,2309,24,4,"2266_1, 2202_1, 2327_1, 2302_1"
2310,2314,5,3,"2266_1, 2202_1, 2327_1"
2315,2343,29,4,"2266_1, 2202_1, 2327_1, 2215_1"
2344,2374,31,4,"2304_1, 2215_1, 2202_1, 2266_1"
2375,2378,4,3,"2215_1, 2202_1, 2266_1"
2379,2385,7,4,"2249_1, 2215_1, 2202_1, 2266_1"
2386,2407,22,3,"2215_1, 2202_1, 2266_1"
2408,2430,23,4,"2232_1, 2215_1, 2202_1, 2266_1"
2431,2470,40,3,"2232_1, 2215_1, 2202_1"
2471,2474,4,4,"2232_1, 2215_1, 2202_1, 2247_1"
2475,2517,43,3,"2232_1, 2215_1, 2202_1"
2518,2537,20,4,"2232_1, 2215_1, 2202_1, 2183_1"
2538,2541,4,3,"2232_1, 2202_1, 2183_1"
2542,2553,12,4,"2294_1, 2232_1, 2202_1, 2183_1"
2554,2561,8,3,"2232_1, 2202_1, 2183_1"
2562,2605,44,4,"2232_1, 2202_1, 2224_1, 2183_1"
2606,2688,83,3,"2232_1, 2202_1, 2183_1"
2689,2697,9,4,"2232_1, 2202_1, 2438_1, 2183_1"
2698,2698,1,3,"2232_1, 2202_1, 2183_1"
2699,2734,36,4,"2267_1, 2232_1, 2202_1, 2183_1"
2735,2817,83,3,"2232_1, 2202_1, 2183_1"
2818,2833,16,4,"2232_1, 2202_1, 2280_2, 2183_1"
2834,2995,162,3,"2202_1, 2280_2, 2183_1"
2996,3008,13,4,"2291_1, 2202_1, 2280_2, 2183_1"
3009,3082,74,3,"2202_1, 2280_2, 2183_1"
3083,3098,16,4,"2308_2, 2202_1, 2280_2, 2183_1"
3099,3164,66,3,"2202_1, 2280_2, 2183_1"
3165,3190,26,4,"2247_2, 2202_1, 2280_2, 2183_1"
3191,3244,54,3,"2202_1, 2280_2, 2183_1"
3245,3280,36,4,"2179_1, 2202_1, 2280_2, 2183_1"
3281,3370,90,3,"2202_1, 2280_2, 2183_1"
3371,3394,24,4,"2167_1, 2202_1, 2280_2, 2183_1"
3395,3419,25,3,"2202_1, 2280_2, 2183_1"
3420,3583,164,4,"2202_1, 2280_2, 2305_1, 2183_1"
3584,3600,17,5,"2280_2, 2183_1, 2202_1, 2228_1, 2305_1"
3601,3637,37,4,"2202_1, 2280_2, 2305_1, 2183_1"
3638,3647,10,5,"2197_2, 2280_2, 2183_1, 2202_1, 2305_1"
3648,3668,21,4,"2202_1, 2280_2, 2305_1, 2183_1"
3669,3680,12,5,"2280_2, 2183_1, 2202_1, 2248_1, 2305_1"
3681,3732,52,4,"2248_1, 2280_2, 2305_1, 2183_1"
3733,3733,1,3,"2280_2, 2305_1, 2183_1"
3734,3807,74,4,"2248_1, 2280_2, 2305_1, 2183_1"
3808,3814,7,5,"2280_2, 2183_1, 2438_2, 2248_1, 2305_1"
3815,3861,47,4,"2248_1, 2305_1, 2183_1, 2438_2"
3862,3873,12,3,"2248_1, 2183_1, 2438_2"
3874,3901,28,4,"2289_1, 2248_1, 2183_1, 2438_2"
3902,3903,2,5,"2170_1, 2248_1, 2183_1, 2438_2, 2289_1"
3904,3939,36,4,"2289_1, 2170_1, 2183_1, 2438_2"
3940,3944,5,3,"2289_1, 2170_1, 2183_1"
3945,4005,61,4,"2249_2, 2289_1, 2170_1, 2183_1"
4006,4010,5,5,"2269_1, 2170_1, 2249_2, 2183_1, 2289_1"
4011,4039,29,4,"2269_1, 2289_1, 2170_1, 2249_2"
4040,4047,8,5,"2269_1, 2170_1, 2249_2, 2439_1, 2289_1"
4048,4061,14,4,"2439_1, 2289_1, 2170_1, 2249_2"
4062,4062,1,5,"2170_1, 2263_1, 2249_2, 2439_1, 2289_1"
4063,4290,228,4,"2439_1, 2289_1, 2170_1, 2249_2"
4291,4309,19,3,"2439_1, 2289_1, 2249_2"
4310,4351,42,4,"2439_1, 2289_1, 2249_2, 2308_3"
4352,4378,27,5,"2308_3, 2249_2, 2224_2, 2439_1, 2289_1"
4379,4390,12,4,"2224_2, 2439_1, 2289_1, 2308_3"
4391,4414,24,5,"2308_3, 2441_1, 2224_2, 2439_1, 2289_1"
4415,4451,37,4,"2224_2, 2439_1, 2289_1, 2308_3"
4452,4453,2,5,"2308_3, 2224_2, 2256_1, 2439_1, 2289_1"
4454,4475,22,4,"2256_1, 2439_1, 2289_1, 2308_3"
4476,4508,33,5,"2217_1, 2308_3, 2256_1, 2439_1, 2289_1"
4509,4529,21,4,"2217_1, 2439_1, 2289_1, 2308_3"
4530,4549,20,5,"2217_1, 2308_3, 2439_1, 2186_1, 2289_1"
4550,4555,6,4,"2217_1, 2439_1, 2289_1, 2186_1"
4556,4577,22,5,"2217_1, 2178_1, 2439_1, 2186_1, 2289_1"
4578,4595,18,4,"2217_1, 2439_1, 2289_1, 2186_1"
4596,4624,29,5,"2217_1, 2197_3, 2439_1, 2186_1, 2289_1"
4625,4658,34,4,"2217_1, 2439_1, 2289_1, 2197_3"
4659,4660,2,3,"2217_1, 2439_1, 2289_1"
4661,4688,28,4,"2201_2, 2217_1, 2439_1, 2289_1"
4689,4695,7,5,"2217_1, 2201_2, 2439_1, 2289_1, 2210_1"
4696,4706,11,4,"2201_2, 2217_1, 2439_1, 2289_1"
4707,4719,13,5,"2217_1, 2296_2, 2201_2, 2439_1, 2289_1"
4720,4734,15,4,"2201_2, 2217_1, 2439_1, 2296_2"
4735,4773,39,5,"2217_1, 2296_2, 2201_2, 2439_1, 2438_3"
4774,4776,3,4,"2296_2, 2217_1, 2439_1, 2438_3"
4777,4798,22,5,"2217_1, 2296_2, 2439_1, 2438_3, 2299_2"
4799,4801,3,4,"2296_2, 2217_1, 2439_1, 2438_3"
4802,4826,25,5,"2217_1, 2296_2, 1315_2, 2439_1, 2438_3"
4827,4849,23,4,"2296_2, 2217_1, 2439_1, 2438_3"
4850,4853,4,3,"2217_1, 2439_1, 2438_3"
4854,4856,3,4,"2217_1, 2439_1, 2438_3, 2202_2"
4857,4878,22,3,"2217_1, 2439_1, 2438_3"
4879,4895,17,4,"2217_1, 2439_1, 2258_1, 2438_3"
4896,4899,4,5,"2217_1, 2258_1, 2439_1, 2438_3, 2199_1"
4900,4907,8,4,"2217_1, 2439_1, 2258_1, 2199_1"
4908,4917,10,3,"2217_1, 2258_1, 2199_1"
4918,4973,56,4,"2217_1, 2258_1, 2207_1, 2199_1"
4974,4974,1,5,"2217_1, 2258_1, 2257_1, 2207_1, 2199_1"
4975,4988,14,4,"2217_1, 2258_1, 2207_1, 2257_1"
4989,4991,3,5,"2217_1, 2258_1, 2257_1, 2192_1, 2207_1"
4992,5008,17,4,"2217_1, 2258_1, 2207_1, 2257_1"
5009,5030,22,5,"2217_1, 2258_1, 2257_1, 2177_1, 2207_1"
5031,5033,3,4,"2217_1, 2258_1, 2207_1, 2257_1"
5034,5045,12,5,"2217_1, 2258_1, 2201_3, 2257_1, 2207_1"
5046,5088,43,4,"2217_1, 2258_1, 2207_1, 2257_1"
5089,5093,5,5,"2217_1, 2290_1, 2258_1, 2257_1, 2207_1"
5094,5100,7,4,"2217_1, 2258_1, 2207_1, 2257_1"
5101,5105,5,3,"2217_1, 2258_1, 2257_1"
5106,5124,19,4,"2217_1, 2290_1, 2258_1, 2257_1"
5125,5169,45,4,"2217_1, 2266_2, 2258_1, 2257_1"
5170,5173,4,5,"2217_1, 2258_1, 2257_1, 2266_2, 2297_1"
5174,5223,50,4,"2217_1, 2258_1, 2257_1, 2297_1"
5224,5227,4,3,"2217_1, 2258_1, 2257_1"
5228,5275,48,4,"2217_1, 2258_1, 1312_3, 2257_1"
5276,5278,3,3,"2217_1, 2258_1, 1312_3"
5279,5346,68,4,"2217_1, 2183_2, 2258_1, 1312_3"
5347,5368,22,3,"2217_1, 2258_1, 1312_3"
5369,5403,35,4,"2217_1, 2258_1, 1312_3, 2169_1"
5404,5411,8,5,"2217_1, 1312_3, 2258_1, 2169_1, 2179_2"
5412,5436,25,4,"2217_1, 2258_1, 1312_3, 2169_1"
5437,5466,30,5,"2217_1, 1312_3, 2212_1, 2258_1, 2169_1"
5467,5470,4,6,"2217_1, 1312_3, 2212_1, 2258_1, 2169_1, 2197_4"
5471,5477,7,5,"1312_3, 2212_1, 2258_1, 2169_1, 2197_4"
5478,5493,16,4,"2197_4, 2212_1, 2258_1, 1312_3"
5494,5504,11,5,"1312_3, 2212_1, 2258_1, 2197_4, 1315_3"
5505,5561,57,4,"2197_4, 2212_1, 2258_1, 1312_3"
5562,5591,30,5,"1312_3, 2212_1, 2258_1, 2314_1, 2197_4"
5592,5619,28,4,"2212_1, 2258_1, 1312_3, 2314_1"
5620,5636,17,5,"1312_3, 2212_1, 2258_1, 2314_1, 2199_1"
5637,5692,56,4,"2212_1, 2258_1, 1312_3, 2314_1"
5693,5704,12,5,"2248_2, 1312_3, 2212_1, 2258_1, 2314_1"
5705,5740,36,4,"2248_2, 2212_1, 1312_3, 2314_1"
5741,5742,2,5,"2248_2, 1312_3, 2212_1, 2314_1, 2229_1"
5743,5791,49,4,"2229_1, 2212_1, 1312_3, 2314_1"
5792,5795,4,3,"2229_1, 1312_3, 2314_1"
5796,5802,7,4,"2304_2, 2229_1, 1312_3, 2314_1"
5803,5821,19,5,"2299_3, 1312_3, 2304_2, 2314_1, 2229_1"
5822,5837,16,6,"2299_3, 1312_3, 2304_2, 2314_1, 2229_1, 2297_2"
5838,5851,14,5,"2299_3, 1312_3, 2304_2, 2314_1, 2297_2"
5852,5858,7,6,"2299_3, 1312_3, 2285_1, 2304_2, 2314_1, 2297_2"
5859,5872,14,5,"2299_3, 1312_3, 2285_1, 2304_2, 2297_2"
5873,5911,39,4,"2304_2, 2297_2, 1312_3, 2299_3"
5912,5912,1,5,"2299_3, 1312_3, 2304_2, 2239_1, 2297_2"
5913,5928,16,4,"2299_3, 2297_2, 1312_3, 2239_1"
5929,5964,36,5,"2299_3, 1312_3, 2442_1, 2239_1, 2297_2"
5965,5983,19,4,"2299_3, 2297_2, 1312_3, 2239_1"
5984,5997,14,5,"2299_3, 1312_3, 2239_1, 2297_2, 2440_1"
5998,6024,27,4,"2299_3, 1312_3, 2440_1, 2239_1"
6025,6040,16,5,"2299_3, 1312_3, 2228_2, 2239_1, 2440_1"
6041,6047,7,4,"2299_3, 2228_2, 1312_3, 2440_1"
6048,6067,20,5,"2299_3, 1312_3, 2228_2, 2305_2, 2440_1"
6068,6070,3,4,"2228_2, 1312_3, 2440_1, 2305_2"
6071,6080,10,5,"1312_3, 2228_2, 2184_1, 2305_2, 2440_1"
6081,6090,10,4,"2228_2, 1312_3, 2440_1, 2305_2"
6091,6106,16,5,"2322_1, 1312_3, 2228_2, 2305_2, 2440_1"
6107,6150,44,4,"2322_1, 2305_2, 1312_3, 2440_1"
6151,6152,2,5,"2242_1, 2322_1, 1312_3, 2305_2, 2440_1"
6153,6171,19,4,"2242_1, 2305_2, 1312_3, 2440_1"
6172,6176,5,5,"2242_1, 1312_3, 2311_1, 2305_2, 2440_1"
6177,6182,6,4,"2311_1, 2305_2, 1312_3, 2440_1"
6183,6192,10,5,"1312_3, 2311_1, 2271_2, 2305_2, 2440_1"
6193,6225,33,4,"2311_1, 2305_2, 2271_2, 2440_1"
6226,6231,6,5,"2311_1, 2271_2, 2305_2, 2440_1, 2307_1"
6232,6247,16,4,"2311_1, 2305_2, 2271_2, 2440_1"
6248,6264,17,5,"2311_1, 2305_2, 2271_2, 2206_1, 2440_1"
6265,6270,6,4,"2311_1, 2206_1, 2271_2, 2440_1"
6271,6329,59,5,"2440_1, 2311_1, 2271_2, 2206_1, 2250_1"
6330,6332,3,6,"2226_1, 2440_1, 2311_1, 2271_2, 2206_1, 2250_1"
6333,6334,2,5,"2440_1, 2311_1, 2271_2, 2206_1, 2250_1"
6335,6343,9,4,"2250_1, 2311_1, 2271_2, 2440_1"
6344,6452,109,5,"2226_1, 2440_1, 2311_1, 2271_2, 2250_1"
6453,6460,8,4,"2226_1, 2311_1, 2271_2, 2440_1"
6461,6466,6,5,"2226_1, 2309_1, 2311_1, 2271_2, 2440_1"
6467,6477,11,4,"2226_1, 2311_1, 2271_2, 2440_1"
6478,6503,26,5,"2226_1, 2282_1, 2311_1, 2271_2, 2440_1"
6504,6513,10,4,"2226_1, 2311_1, 2271_2, 2440_1"
6514,6532,19,5,"2226_1, 2200_1, 2311_1, 2271_2, 2440_1"
6533,6549,17,4,"2226_1, 2311_1, 2271_2, 2440_1"
6550,6582,33,5,"2226_1, 2311_1, 2271_2, 2440_1, 2264_1"
6583,6615,33,4,"2226_1, 2311_1, 2271_2, 2440_1"
6616,6622,7,5,"2226_1, 2440_1, 2311_1, 2271_2, 2443_1"
6623,6633,11,4,"2226_1, 2311_1, 2443_1, 2440_1"
6634,6643,10,5,"2226_1, 2440_1, 2189_1, 2311_1, 2443_1"
6644,6654,11,4,"2226_1, 2189_1, 2443_1, 2440_1"
6655,6659,5,5,"2226_1, 2327_2, 2440_1, 2189_1, 2443_1"
6660,6737,78,4,"2226_1, 2189_1, 2443_1, 2440_1"
6738,6747,10,3,"2226_1, 2189_1, 2440_1"
6748,6770,23,4,"2226_1, 2304_3, 2189_1, 2440_1"
6771,6776,6,5,"2226_1, 2304_3, 2189_1, 2266_3, 2440_1"
6777,6798,22,4,"2226_1, 2304_3, 2189_1, 2440_1"
